8.117599980854118158e+00
3.348684631968865677e+00
-5.830070308520131306e+00
-1.601617446131158218e+01
-2.221003922647564366e+01
-1.971214584840182837e+01
-6.052417984779966176e+00
1.794949068870876374e+01
4.851095881873172999e+01
8.045768851732074722e+01
1.092850919760785473e+02
1.327059318528586687e+02
1.509318293973925620e+02
1.655740760413225132e+02
1.777583545378562349e+02
1.864705083312829004e+02
1.880677976162567404e+02
1.773355343121896226e+02
1.497120071409244701e+02
1.037144532723365984e+02
4.245928911037624687e+01
-2.645934002109211391e+01
-9.277344382251084198e+01
-1.463783835937226456e+02
-1.801743403742087253e+02
-1.919478100151901856e+02
-1.847555202883904997e+02
-1.658281729672951030e+02
-1.444473702635912673e+02
-1.294306383726180627e+02
-1.268098517982994764e+02
-1.381377373964549804e+02
-1.597329775298040317e+02
-1.831078083727779813e+02
-1.967315895876935485e+02
-1.890494841262808734e+02
-1.522546037467084545e+02
-8.582024758396481445e+01
1.508840713082589158e+00
9.242055785746572383e+01
1.648721287438328034e+02
1.983663884683109018e+02
1.808486726176554100e+02
1.138008757634039796e+02
1.340016796599675253e+01
-9.318131121822015928e+01
-1.755224626773657519e+02
-2.093359789388327101e+02
-1.842961205859868414e+02
-1.075238267924854227e+02
-2.043653448902453817e+00
1.033899728686369883e+02
1.776932319022459978e+02
2.023544410274236611e+02
1.733921049235514147e+02
1.018627409427424908e+02
9.036988191731312625e+00
-8.112092059346369410e+01
-1.494138909178727488e+02
-1.863624984297825051e+02
-1.933287960004984996e+02
-1.799614442946107431e+02
-1.593475777993842257e+02
-1.428616277634737344e+02
-1.365444989504519242e+02
-1.400781444759462033e+02
-1.483749517685364481e+02
-1.548587827151839349e+02
-1.549764216920877971e+02
-1.484895203253616671e+02
-1.396238707561344654e+02
-1.350051386183827731e+02
-1.401982287142704138e+02
-1.562805387738562217e+02
-1.779782918360695874e+02
-1.943994508347592785e+02
-1.924366892713207449e+02
-1.618155349272840624e+02
-9.995113901858792360e+01
-1.461779778465363222e+01
7.692837589288660638e+01
1.524738145987154496e+02
1.916917707572465872e+02
1.829579243039679568e+02
1.276276758666386968e+02
4.009101344916874154e+01
-5.654947235159552577e+01
-1.376920831334933553e+02
-1.847689857175422503e+02
-1.904404042086065658e+02
-1.597392931332709054e+02
-1.070379125002665148e+02
-5.026659395073979653e+01
-4.721605680781372882e+00
2.127605467428426778e+01
2.756535830523191066e+01
2.024022131575503280e+01
7.905088002413524606e+00
-2.134525938812643631e+00
-6.248584877694406181e+00
7.785026038172370377e+00
3.165191880704628868e+00
-5.739959084690914537e+00
-1.569014403134425883e+01
-2.183419418771443077e+01
-1.951340277402596612e+01
-6.158714539749459149e+00
1.759554061850349882e+01
4.812739024401601995e+01
8.029578306205897320e+01
1.094724885391272835e+02
1.331568672774945981e+02
1.513855619715070020e+02
1.657463094740735698e+02
1.775184755994596344e+02
1.859350245295807724e+02
1.875450587143739938e+02
1.771454962163263644e+02
1.499851430468872877e+02
1.042949850642092287e+02
4.298199700253488231e+01
-2.635328311293713099e+01
-9.320656931945114820e+01
-1.471371352207150665e+02
-1.808137228210790113e+02
-1.920522625877455027e+02
-1.842049698355849898e+02
-1.649013707232544732e+02
-1.436819690049788392e+02
-1.293056213454775900e+02
-1.274345328206497499e+02
-1.391454846152772973e+02
-1.604681650322971223e+02
-1.830179140903030657e+02
-1.957370191821132437e+02
-1.876530631427811784e+02
-1.512911496380958454e+02
-8.596347437022272686e+01
1.971044512991856346e-01
9.060627082882473360e+01
1.636137098907628058e+02
1.984834647305729050e+02
1.823586898374622081e+02
1.157938201578020880e+02
1.449540009976080945e+01
-9.400098985291491260e+01
-1.781749005285996645e+02
-2.124892929859441608e+02
-1.859988459313650537e+02
-1.063490947592056415e+02
1.890330272651131516e+00
1.081978111288229343e+02
1.805971144076594896e+02
2.013239738732953583e+02
1.686707337549683530e+02
9.638423044971524689e+01
7.195922096087961961e+00
-7.600410424391716901e+01
-1.377306915302202412e+02
-1.734016738759944758e+02
-1.879019790144199931e+02
-1.905063169391491726e+02
-1.888874058811582586e+02
-1.850598551596064567e+02
-1.749526015284368725e+02
-1.514691656357249485e+02
-1.092599804179720309e+02
-4.872826736349441035e+01
2.271507265943239418e+01
9.274126706097601414e+01
1.485388530928609043e+02
1.815462777858804770e+02
1.903810793300292232e+02
1.807733171058078199e+02
1.627065327412456384e+02
1.461846140958218996e+02
1.375367749248123062e+02
1.377721398506904507e+02
1.434485509197762383e+02
1.493529805537953337e+02
1.515444187558267402e+02
1.492908029495113453e+02
1.450885948199538689e+02
1.429300534919418624e+02
1.458042885806233926e+02
1.537182786539692643e+02
1.632053788827552410e+02
1.685438496457170174e+02
1.641074223472128892e+02
1.467797497669947973e+02
1.173810245078859111e+02
8.053178711290505021e+01
4.307011077352871098e+01
1.172655248358046265e+01
-8.995510678133797455e+00
-1.795688628707240042e+01
-1.722786138567642666e+01
-1.086999645619077093e+01
-3.258959374075642845e+00
2.364209626423335209e+00
7.086890800281106628e+00
2.111473775261735852e+00
-6.474510546313355874e+00
-1.556869528913462730e+01
-2.081381596533617540e+01
-1.812009942995046785e+01
-5.208180011435395329e+00
1.748756814405502524e+01
4.695460864981753701e+01
7.872276072202356545e+01
1.084742503938450966e+02
1.334229865393464252e+02
1.528441218197626768e+02
1.675249850972977299e+02
1.784167580260578347e+02
1.851643398677453263e+02
1.852942262197662728e+02
1.745871467141981839e+02
1.486482480864444256e+02
1.051246270654386734e+02
4.565039125254116925e+01
-2.340440572979301592e+01
-9.191378458926101302e+01
-1.485844344760661500e+02
-1.843643502657992599e+02
-1.954695796679484090e+02
-1.848546067232041139e+02
-1.614439270871855285e+02
-1.372399657343229933e+02
-1.232338758854942995e+02
-1.255525661784660230e+02
-1.432579265705981300e+02
-1.686479049623535502e+02
-1.899886545953230552e+02
-1.956828507047330561e+02
-1.783228967153910105e+02
-1.371271046092496420e+02
-7.790755415324149169e+01
-1.071172193397920225e+01
5.379688997163270869e+01
1.076940987765168103e+02
1.475626705202209905e+02
1.741179690253097476e+02
1.901247737860583982e+02
1.977914216716014266e+02
1.970000220346231856e+02
1.852495381236752792e+02
1.592901688650436256e+02
1.175536329958684405e+02
6.206669579628516686e+01
-5.992831818339752203e-01
-6.392329975172422252e+01
-1.179605704743538439e+02
-1.580739777280196563e+02
-1.830597546559299360e+02
-1.950420544666382625e+02
-1.972527873502194780e+02
-1.915332733425174752e+02
-1.769500633530046514e+02
-1.503577681027124413e+02
-1.087148318558882494e+02
-5.198094922498944470e+01
1.498998106595243307e+01
8.275563395913053455e+01
1.399457513616721656e+02
1.772467867756699889e+02
1.909402801446387059e+02
1.843246489278614035e+02
1.662760863641817650e+02
1.475287169760336496e+02
1.363380773245069690e+02
1.354978540598765164e+02
1.420411234932448679e+02
1.496689365989201406e+02
1.526301405741064343e+02
1.490706804941854386e+02
1.421310189966930864e+02
1.381821057540767583e+02
1.430225591737600155e+02
1.579196030436491753e+02
1.775434253496442238e+02
1.910224540784700196e+02
1.859103033772531717e+02
1.534716975060891286e+02
9.300943222969513613e+01
1.328768576564718273e+01
-6.969021463996217847e+01
-1.377605477090724833e+02
-1.765641304318129414e+02
-1.800989506692960163e+02
-1.521975202595654082e+02
-1.045513617431160327e+02
-5.226392617188422207e+01
-8.775853151532556851e+00
1.794228547049512912e+01
2.673903898948562130e+01
2.207323298949273038e+01
1.113318383532835654e+01
6.607375418400915912e-01
-5.278239303910975622e+00
-8.941701607589164880e+00
-5.118672421687882945e+00
4.243029662952244152e+00
1.581904239365506903e+01
2.391441052437820503e+01
2.267593925580880310e+01
8.677503777149121689e+00
-1.737778787049670370e+01
-5.075876240814064744e+01
-8.467996415839928659e+01
-1.132563829746177078e+02
-1.339749109424082008e+02
-1.483682528655822921e+02
-1.604294759614179213e+02
-1.734705866596788155e+02
-1.870245412396924110e+02
-1.955321671832436721e+02
-1.898120393840630413e+02
-1.609922686869624044e+02
-1.053067515885552012e+02
-2.755642653637712769e+01
5.855941960823167136e+01
1.337668531269417258e+02
1.791441532340339506e+02
1.824307895470197423e+02
1.422685930234974592e+02
6.873735722198571807e+01
-1.997084372626823878e+01
-1.034006282704214357e+02
-1.649940473941030348e+02
-1.964178947612493289e+02
-1.988042205580419761e+02
-1.809098804140155323e+02
-1.552686140147266087e+02
-1.338903709781505711e+02
-1.248816296795896363e+02
-1.307418008607971842e+02
-1.483969993995667380e+02
-1.705602864359545947e+02
-1.878554506097528076e+02
-1.912101121354884015e+02
-1.741300763702581946e+02
-1.344882341362365992e+02
-7.541925142527136927e+01
-4.941847461661465601e+00
6.583213962260896324e+01
1.255905712866475739e+02
1.660027180135366223e+02
1.840939982052553887e+02
1.828723106538650711e+02
1.699392984036018959e+02
1.541692529470472550e+02
1.429656111473208853e+02
1.393218338740447564e+02
1.418004014214590995e+02
1.461683101121172967e+02
1.482200029653118349e+02
1.463008839032744390e+02
1.422678272868830334e+02
1.403993703802604216e+02
1.447868068412181799e+02
1.565036050779521872e+02
1.719928352782102934e+02
1.835643214590309356e+02
1.819221684884461752e+02
1.597121092499289148e+02
1.146159021286499922e+02
5.071846940496148193e+01
-2.239055086177800291e+01
-9.240362357121590264e+01
-1.479039313517031928e+02
-1.815268896062595729e+02
-1.917043069019707389e+02
-1.826174998355730850e+02
-1.625911486819564686e+02
-1.415505027904635256e+02
-1.282722057878218038e+02
-1.280593669232391107e+02
-1.412964330459417681e+02
-1.631760758640662914e+02
-1.847337733202325296e+02
-1.951112626803578678e+02
-1.846571071212438824e+02
-1.481183685613967782e+02
-8.694163818199251637e+01
-9.769389525244022821e+00
6.932137113003493312e+01
1.345320735448975995e+02
1.729207469105293171e+02
1.783055624680875724e+02
1.530777928366215406e+02
1.072208039904831196e+02
5.487261178263543115e+01
9.708542531696705780e+00
-1.914851104127113501e+01
-2.924971674257352916e+01
-2.437796214895276847e+01
-1.199138166040241948e+01
2.075984122465579507e-01
7.128723944420038094e+00
9.660196495300114705e+00
4.293337522700879205e+00
-6.172474905601500694e+00
-1.763750100367106199e+01
-2.432629709258124961e+01
-2.115074435008654419e+01
-5.925006829755403714e+00
1.966395750271446019e+01
5.084118079357610753e+01
8.191181592437604309e+01
1.087152836476982429e+02
1.300943285593181145e+02
1.476037285475168801e+02
1.636135104631768229e+02
1.788467545105219187e+02
1.907553898410447744e+02
1.937594939354971473e+02
1.814234268071933229e+02
1.495962106506922851e+02
9.895550463370666705e+01
3.559735238281928105e+01
-3.076246163613769369e+01
-9.021657082675201877e+01
-1.361123118218519892e+02
-1.668481179665071750e+02
-1.851502076371881742e+02
-1.952324088161406337e+02
-1.993521721061896699e+02
-1.956491903187048820e+02
-1.785716905184217183e+02
-1.419168310577474585e+02
-8.314972434381263611e+01
-6.892463938632922726e+00
7.430971690552075870e+01
1.427030721490691576e+02
1.807331979102700927e+02
1.771082988337077779e+02
1.310951910566774359e+02
5.327875131570851863e+01
-3.758641885290083451e+01
-1.204721919181420589e+02
-1.785403402604666212e+02
-2.038741424413329639e+02
-1.989515815370734231e+02
-1.746206170980218531e+02
-1.455912867203354040e+02
-1.252084371989414251e+02
-1.212986198332054641e+02
-1.342879251893197932e+02
-1.578768930060025752e+02
-1.817664769252106964e+02
-1.949111181891017850e+02
-1.894193265032019724e+02
-1.620280374799537242e+02
-1.148936321207880127e+02
-5.448231806890966311e+01
1.051635900015389247e+01
7.159713837070108866e+01
1.224297245302627175e+02
1.598744346781954278e+02
1.838024415735760044e+02
1.959102365196623907e+02
1.980763112756362148e+02
1.909826587589672613e+02
1.736266524864020369e+02
1.439878013215623014e+02
1.006102442367123899e+02
4.441667635344660425e+01
-2.011679587761849319e+01
-8.511479952935206938e+01
-1.409728195510940054e+02
-1.790953270968157938e+02
-1.947490921449751511e+02
-1.889267145945002255e+02
-1.684007779344841254e+02
-1.437786444762208191e+02
-1.261061832269973308e+02
-1.231330968203617431e+02
-1.365261829220389416e+02
-1.610314183170352749e+02
-1.859423981386738660e+02
-1.984584732078573097e+02
-1.878775096221278602e+02
-1.492782992596295060e+02
-8.549757070200550402e+01
-6.743031265527989149e+00
7.206787315190979371e+01
1.354326310123157384e+02
1.715763109879694355e+02
1.756189042020145905e+02
1.506360455254684894e+02
1.063372586008393341e+02
5.586053428891839445e+01
1.178366120089244440e+01
-1.732881583541186643e+01
-2.876716403909472675e+01
-2.544531563354489379e+01
-1.389063363072892443e+01
-1.356642855631092104e+00
6.805447490548282907e+00
